101
154
247
330
602
637
639
650
669
684
715
716
718
942
1058
1295
1326
1440
1512
1556
1594
1831
1839
1846
1906
1942
1992
2308
2919
2920
3371
3383
3430
3553
3569
3570
3575
3576
3624
3656
3665
3678
3965
3976
4033
4094
4312
4739
4791
4792
4811
4938
4939
4940
5031
5155
5327
5328
5329
5359
5452
5627
5743
5971
6279
6283
6286
6364
6374
6414
6590
6648
6772
6776
6925
7052
7056
7124
7127
7128
7476
8061
8654
8740
8843
8870
8876
9021
9235
9435
9638
9641
9723
9975
10318
10379
10410
10435
10457
10561
10938
11037
11151
11213
11221
11254
22904
23764
25840
25878
25939
25975
27289
50486
51129
51312
54509
55283
55304
55332
55350
55719
55790
56892
57157
57823
58191
64135
64207
64332
64761
65249
79413
80149
81553
81848
83648
83666
84790
85441
85463
91107
94240
94241
112487
115362
116238
130367
219285
221416
376267
645638