101
154
218
247
330
445
602
629
637
638
639
650
669
684
715
716
718
942
1008
1058
1295
1326
1437
1440
1512
1556
1594
1628
1831
1839
1846
1906
1942
1992
2043
2135
2246
2308
2919
2920
3293
3371
3383
3430
3553
3569
3570
3575
3576
3624
3656
3665
3678
3690
3854
3866
3965
3976
4033
4050
4051
4094
4312
4319
4322
4330
4638
4739
4791
4792
4811
4897
4938
4939
4940
5031
5087
5099
5155
5166
5266
5327
5328
5329
5359
5452
5567
5627
5646
5743
5803
5971
6278
6279
6280
6283
6286
6289
6364
6372
6374
6414
6590
6648
6698
6700
6703
6704
6772
6776
6781
6925
6947
7051
7052
7056
7124
7127
7128
7476
7498
7784
7846
8061
8424
8519
8581
8654
8740
8843
8870
8876
9021
9119
9235
9435
9547
9635
9638
9641
9723
9975
10158
10318
10379
10381
10410
10435
10451
10457
10561
10891
10938
11037
11151
11213
11221
11254
22904
23762
23764
25840
25878
25939
25975
25984
26579
27289
27314
29760
29842
50486
50506
51129
51312
51454
51458
51702
54509
54544
55283
55304
55332
55350
55553
55719
55790
56300
56892
57115
57157
57823
58191
64135
64207
64332
64761
65249
78990
79413
79679
80149
81553
81848
83648
83666
84189
84419
84455
84790
85441
85463
89886
91107
94122
94240
94241
112487
114897
115362
116238
117195
118738
130367
134285
149473
153768
167691
169611
171177
192666
200407
205860
219285
221416
256714
282996
285973
340719
341208
342897
376267
394263
402778
407006
645638